test_accuracy: 0.9633401221995926
test_roc_auc: 0.8484677522759329
train_accuracy: 0.9551804423748544
train_roc_auc: 0.8540247077724226
